# Volume(Ang^3)    Energy(Ry)
173.8408   -448.58693762   -0.60
176.4484   -448.58668780   -28.08
181.7415   -448.58477786   -77.46
187.1394   -448.58112826   -120.91
192.6431   -448.57589055   -158.78
198.2537   -448.56920506   -191.35
203.9723   -448.56120526   -219.72
209.7997   -448.55201882   -244.06
215.7371   -448.54176685   -263.71
227.9458   -448.51850778   -295.03
168.7030   -448.58590496
166.1725   -448.58456790
161.1876   -448.58010978
156.3035   -448.57307797
151.5190   -448.56322238
146.8332   -448.55027224
142.2450   -448.53393064
137.7534   -448.51394094
133.3574   -448.48994516
124.8478   -448.42869539
